1 -0.370616 0.191346
2 -0.181469 0.18546
3 -0.288228 0.187504
4 -0.50108 0.19039
5 -0.172244 0.188793
6 -0.712568 0.184486
7 -1.02945 0.188251
8 -0.914514 0.186884
9 -0.955085 0.155325
10 -1.03217 0.155105
11 -0.818841 0.222483
12 -1.12262 0.187126
13 0 0
14 0 0
15 0 0
16 0 0
17 -0.436351 0.137204
18 -0.42657 0.179304
19 0 0
20 0 0
21 -0.315548 0.189724
22 -0.348177 0.188931
23 -0.167183 0.184746
24 0 0
25 -0.367011 0.194943
26 0 0
27 0 0
28 -0.237449 0.192452
29 0 0
30 0 0
31 0 0
32 0 0
33 -1.37366 0.434775
34 0.78958 0.441599
35 -2.3816 0.431736
36 -0.460168 0.156373
37 -0.661112 0.200315
38 -0.660776 0.190629
39 -0.71268 0.176893
40 -0.36606 0.179171
41 -0.436019 0.184131
42 -0.594861 0.18309
43 -0.0228123 0.138846
44 0.15612 0.138231
45 -0.446245 0.193301
46 -0.382292 0.195229
47 -0.404589 0.19395
48 -0.0348429 0.193647
49 -0.326359 0.192063
50 -0.7823 0.189512
51 -0.212465 0.191983
52 -0.434855 0.18592
